syms x y e t;
x=[959
959
959
959
959
816
1102
816
1245
2531
3532
4247
4675
5104
5247
5104
5390
5247
5247
5247
5390
5390
5390
5390
5390
5390
5390
5247
5390
5247
5390
5390
5390
5390
5390
5390
5247
5390
5390
5390
5390
5390
5390
5390
5390
5533
5533
5533
5533
5533
5533
5676
5676
5676
5819
5819
5819
5962
6105
6105
6105
6248
6391
6391
6677
6820
7248
7677
8249
8964
9822
10822
11823
12966
14110
15254
16254
17112
17827
18398
18541
18684
18684
18684
18684
18684
18684
18684
18684
18684
18684
18684
18684
18684
18684
18684
18684
18684
18684
18684
18684
18684
18684
18684
18684
18684
18684
18684
18684
18684
18684
18684
18684
18684
18684
18684
18684
18684
18684
18684
18684
18684
18684
18684
18684
18684
18684
18684
18684
18684
18684
18684
18684
18541
18684
18684
18684
18684
18684
18541
18684
18684
18684
18684
18684
18684
18684
18684
18684
18684
18684
18684
18684
18684
18684
18684
18684
18684
18684
18684
18684
18684
18684
18684
18684
18684
18684
18684
18684
18684
18684
18684
18684
18684
18684
18684
18684
18684
18684
18684
18684
18684
18684
18684
18684
18684
18684
18684
18684
18684
18684
18684
18684
18684
18684
18684
18684
18684
18684
18684
18684
18684
18684
18684
18684
18827
18827
18970
19113
19113
19256
19399
19542
19685
19828
19828
19971
19971
20114
20257
20257
20257
20257
20257
20257
20257
20400
20257
20257
20400
20257
20257
20257
20257
20257
20257
20400
20257
20257
20257
20257
20400
20257
20257
20257
20400
20257
20400
20257
20257
20257
20257
20400
20257
20257
20257
20257
20257
20257
20400
20257
20257
20257
20257
20400
20543
20257
20257
20257
20257
20257
20257
20257
20257
20257
20257
20400
20257
20257
20257
20257
20257
20257
20257
20400
20257
20257
20257
20257
20257
20257
20257
20257
20257
20257
20257
20257
20257
20257
20257
20257
20400
20400
20257
20257
20257
20400
20257
20257
20400
20257
20257
20257
20257
20257
20257
20257
20257
20257
20257
20400
20257
20257
20257
20257
20257
20257
20257
20257
20400
20257
20257
20257
20257
20257
20257
20400
20257
20257
20257
20257
20257
20257
20257
20257
20257
20257
20257
20257
20257
20257
20400
20257
20257
20257
20257
20400
20400
20257
20257
20400
20257
20400
20257
20257
20257
20257
20257
20257
20400
20257
20257
20257
20257
20257
20257
20257
20257
20257
20257
20257
20257
20257
20257
20257
20257
20257
20257
20257
20257
20257
20257
20257
20257
20257
20257
20257
20257
20257
20257
20257
20400
20400
20257
20257
20257
20257
20257
20257
20257
20257
20257
20257
20257
20257
20257
20257
20257
20257
20257
20257
20257
20257
20257
20257
20400
20257
20257
20257
20400
20257
20257
20257
20257
20257
20257
20257
20257
20257
20257
20257
20257
20257
20257
20257
20257
20257
20257
20400
20257
20257
20257
20257
20257
20257
20257
20257
20257
20400
20257
20257
20257
20257
20257
20257
20257
20257
20257
20257
20257
20257
20257
20257
20257
20257
20257
20257
20257
20257
20257
20257
20257
20257
20257
20257
20257
20257
20257
20257
20257
20257
20257
20257
20257
20257
20257
20257
20257
20257
20257
20257
20400
20257
20257
20257
20257
20257
20257
20257
20257
20257
20257
20257
20257
20257
20257
20257
20257
20257
20257
20257
20257
20257
20257
20257
20257
20257
20257
20257
20257
20257
20257
20257
20257
20257
20257
20257
20257
20257
20257
20257
20257
20257
20257
20257
20257
20257
20257
20257
20257
20257
20257
20114
20257
20114
20114
20114
20114
20114
20114
20114
20114
20114
20114
20114
20114
20114
20114
20114
20114
20114
20114
20114
20114
19971
20114
19971
19828
19828
19971
19828
19828
19828
19828
19828
19828
19828
19828
19828
19828
19828
19685
19828
19828
19685
19828
19685
19828
19828
19685
19685
19685
19828
19685
19685
19685
19685
19685
19685
19685
19828
19685
19685
19685
19828
19828
19685
19828
19685
19828
19828
19828
19828
19828
19828
19828
19828
19828
19971
19971
20114
20257
20400
20400
20686
20543
20686
20686
20686
20686
20686
20686
20686
20686
20686
20686
20686
20686
20686
20686
20686
20686
20686
20686
20686
20686
20686
20686
20686
20686
20686
20686
20686
20686
20686
20543
20543
20543
20543
20543
20543
20543
20543
20543
20543
20543
20543
20400
20400
20400
20400
20400
20400
20400
20400
20400
20400
20400
20400
20400
20400
20400
20400
20400
20257
20400
20257
20257
20257
20257
20257
20400
20257
20257
20257
20543
20257
20400
20257
20257
20257
20257
20257
20257
20257
20257
20257
20257
20257
20257
20257
20257
20257
20257
20257
20257
20257
20257
20257
20400
20257
20257
20257
20114
20114
20114
20114
20114
20114
20114
20114
20114
20114
20114
20114
20114
20114
20114
20114
20114
20114
20114
20114
20114
19971
20114
19971
19971
20114
19971
19971
19971
19971
19971
20114
20114
19971
19971
19971
19971
19971
19971
19971
19971
19971
20114
19971
19971
20114
19971
19971
19971
19971
20114
20114
19971
19971
19971
19971
20114
20114
19971
19971
19971
19971
19971
19971
20114
19971
19971
19971
19971
19971
19971
19971
19971
19971
19971
19971
20114
19971
19971
19971
19971
19971
20114
19971
19971
19971
19971
19971
19971
19971
19971
19971
19971
19971
19971
19971
19971
19971
19971
19971
19971
19971
19971
19971
19971
19971
19971
19971
19971
19971
19971
19971
19971
19971
19971
19971
19971
19971
19971
19971
20114
19971
19971
19971
19971
19971
19971
19971
19971
19971
19971
19971
19971
19971
19971
19971
20114
19971
19971
19971
19971
19971
19971
19971
19971
19971
19971
19971
19971
19971
19971
19971
19971
19971
19971
19971
19971
19971
19971
19971
19971
19971
19971
19971
19971
19971
20114
19971
19971
19971
20114
19971
19971
19971
19971
19971
19971
19971
19971
19971
19971
19971
19971
19971
19971
19971
19971
19971
19971
19971
19971
19971
19971
19971
19971
19971
20114
19971
19971
19971
20114
19971
19971
19971
19971
19971
19971
20114
19971
19971
19971
19971
19971
19971
19971
19971
19971
19971
19971
19971
19971
19971
20114
19971
19971
19971
19971
19971
19971
19971
19971
19971
19971
19971
19971
19971
20114
19971
19971
19971
19971
19971
19971
19971
19971
19971
19971
19971
19971
19971
19971
19971
19971
19971
19971
20114
19971
19971
19971
19971
19971
20114
19971
19971
19971
19971
19971
19971
19971
19971
19971
20400
20829
21114
21257
21257
21257
21257
21257
21257
21257
21257
21257
21257
21257
21257
21257
21257
21257
21257
21257
21257
21257
21257
21257
21257
21257
21257
21257
21257
21257
21257
21257
21257
21257
21257
21257
21257
21257
21257
21257
21257
21257
21257
21257
21257
21257
21257
21257
21257
21257
21257
21257
21257
21257
21257
21257
21257
21257
21257
21257
21257
21257
21257
21257
21257
21257
21257
21257
21257
21400
21400
21400
21400
21400
21400
21400
21400
21400
21400
21400
21543
21543
21543
21543
21686
21686
21686
21686
21686
21829
21829
21829
21829
21972
22115
22258
22687
23116
23545
24116
24545
24974
25260
25546
25832
26118
26404
26546
26689
26689
26689
26689
26832
26975
26975
27118
27261
27547
27690
27833
27833
27976
27976
28119
28119
28119
28119
28119
28119
28119
28119
28119
28119
28119
28119
28119
28119
28119
28119
28119
28119
28119
28119
28119
28119
28119
28119
28119
28119
28119
28119
28119
28119
28119
28119
28119
28119
28119
28119
28119
28119
27976
27976
27976
27976
27976
27976
27976
27833
27833
27690
27690
27690
27547
27547
27547
27404
27261
27261
27261
27261
27261
27261
27261
27261
27261
27261
27261
27261
27261
27261
27261
27261
27261
27261
27261
27261
27261
27261
27261
27261
27261
27261
27261
27261
27261
27261
27261
27261
27261
27261
27261
27261
27261
27261
27261
27261
27261
27261
27261
27261
27261
27261
27261
27261
27261
27261
27261
27261
27261
27261
27261
27261
27261
27118
27118
27118
27118
27118
27118
27118
26975
26975
26832
26546
26261
25975
25546
25403
25260
25260
25260
25260
25260
25117
25260
25260
25260
25260
25260
25117
25260
25260
25260
25260
25260
25260
25260
25260
25260
25260
25260
25260
25260
25260
25260
25260
25260
25260
25260
25260
25260
25260
25260
25260
25260
25403
25403
25403
25403
25403
25403
25403
25403
25403
25403
25403
25546
25546
25689
25689
25689
25689
25689
25832
25975
25975
25975
25975
25975
25975
25975
25975
25975
25975
25975
25975
25975
25975
25975
25975
25975
25975
25975
26118
25975
25975
25975
25975
25975
25975
25975
25975
25975
25975
25975
25975
25975
25975
25975
25975
25975
25975
25975
25975
25975
25975
25975
25975
25975
25975
26118
25975
25975
25975
25975
25975
25975
25975
25975
25975
25975
25975
25975
25975
25975
25975
25975
25975
25975
25975
25975
25975
25975
25975
25975
25975
25975
25975
25975
25975
25975
25975
25975
25975
25975
25975
25975
25975
25975
25975
25975
25975
25975
25975
25975
25975
25975
25975
25975
25975
25975
25975
25975
25975
25975
25975
25975
25975
25975
25975
25975
25975
25975
25975
25975
25975
25975
25975
25975
25975
25975
25975
25975
25975
25975
25975
25975
25975
25975
25975
25975
25975
25975
25975
25975
25975
25975
25975
25975
25975
25975
25975
25975
25975
25975
25975
25975
25975
25975
25975
25975
25975
25975
25975
25975
25975
25975
25975
25975
25975
25975
25975
25975
25975
25975
25975
25975
25975
25975
25975
25975
25975
25975
25975
25975
25975
25975
25975
25975
25975
25975
25975
25975
25975
26118
25975
25975
25975
25975
25975
25975
25975
25975
25975
25975
25975
25975
25975
25975
25975
25975
25975
25975
25975
25975
25975
25975
25975
26118
25975
25975
25975
25975
25975
25975
25975
25975
25975
25975
25975
25975
25975
25975
25975
25975
25975
25975
25975
25975
25975
25975
25975
25975
25975
25975
25975
25975
25975
25975
25975
25975
25975
25975
25975
25975
25975
25975
25975
25975
25975
25975
25975
25975
25975
25975
25975
25975
25975
25975
25975
25975
25975
25975
25975
25975
25975
25975
25975
25975
25975
25975
25975
25975
25975
25975
25975
25975
25975
25975
25975
25975
25975
25975
25975
25975
25975
25975
25975
25975
25975
25975
25975
25975
25975
25975
25975
25975
25975
25975
25975
25975
25975
25975
25975
25975
25975
25975
25975
25975
25975
25975
25975
25975
25975
25975
25975
25975
25975
25975
25975
25975
25975
25975
25975
25975
25975
25975
25975
25975
25975
25975
25975
25975
25975
25975
25975
25975
25975
25975
25975
25975
25975
26118
25975
25975
25975
25975
25975
25975
25975
25975
25975
25975
25975
25975
25975
25975
25975
25975
25975
25975
25975
25975
25975
25975
25975
25975
25975
25975
25975
25975
25975
25975
25975
25975
25975
25975
25975
25975
25975
25975
25975
25975
25975
25975
25975
25975
25975
25975
25975
25975
25975
25975
25975
25975
25975
25975
25975
26118
25975
25975
25975
25975
25975
26118
25975
25975
25975
25975
25975
25975
25975
25975
25975
25975
25975
25975
25975
25975
25975
25975
25975
25975
26118
25975
25975
25975
25975
25975
25975
25975
25975
25975
25975
25975
25975
25975
25975
25975
25975
25975
25975
25975
25975
25975
25975
25975
25975
25975
25975
25975
25975
25975
25975
25975
25975
25975
25975
26118
25975
25975
25975
25975
25975
25975
25975
25975
25975
25975
25975
25975
25975
25975
25975
25975
25975
25975
25975
25975
25975
25975
25975
25975
25975
25975
25975
25975
25975
25975
25975
25975
25975
25975
25975
25975
25975
25975
25975
25975
25975
25975
25975
25975
25975
25975
25975
25975
25975
25975
25975
25975
25975
25975
26118
25975
25975
25975
25975
25975
25975
25975
25975
25975
25975
25975
25975
25975
25975
25975
25975
25975
25975
26118
25975
25975
25975
25975
25975
25975
25975
25975
25975
25975
25975
25975
25975
25975
25975
25975
25975
25975
25975
25975
25975
25975
25975
25975
25975
25975
25975
25975
25975
25975
25975
25975
25975
25975
25975
25975
25975
25975
25975
25975
25975
25975
25975
25975
25975
25975
26118
25975
25975
25975
25975
25975
25975
25975
25975
25975
25975
25975
25975
25975
25975
25975
25975
25975
25975
25975
25975
25975
25975
25975
25975
25975
25975
25975
25975
26118
25975
25975
25975
25975
25975
25975
25975
25975
25975
25975
25975
25975
25975
25975
25975
25975
25975
25975
25975
25975
26118
25975
25975
25975
25975
25975
25975
25975
25975
25975
25975
26118
25975
25975
25975
25975
25975
25975
25975
25975
25975
25975
25975
25975
25975
25975
25975
25975
25975
25975
25975
25975
25975
25975
25975
25975
25975
25975
25975
25975
25975
25975
26118
25975
25975
25975
25975
25975
25975
25975
25975
25975
25975
25975
25975
25975
25975
25975
25975
26118
25975
25975
25975
25975
25975
25975
25975
25975
26118
25975
26118
26404
26546
26546
26546
26546
26546
26546
26546
26546
26546
26546
26546
26546
26546
26546
26546
26546
26546
26546
26546
26546
26546
26546
26546
26546
26546
26546
26546
26689
26546
26546
26546
26546
26546
26546
26546
26546
26546
26546
26546
26546
26546
26546
26546
26546
26546
26546
26546
26546
26546
26546
26546
26546
26546
26546
26546
26546
26546
26546
26689
26546
26689
26546
26546
26546
26546
26546
26546
26546
26689
26689
26546
26546
26689
26689
26689
26689
26689
26546
26546
26689
26689
26689
26689
26689
26689
26689
26689
26689
26689
26689
26689
26689
26689
26689
26689
26689
26689
26689
26689
26689
26689
26689
26689
26689
26689
26689
26689
26689
26689
26689
26689
26689
26689
26689
26832
26832
26832
26975
26975
27118
27261
27547
27833
28119
28262
28548
28834
28977
29262
29405
29548
29834
30120
30692
31407
32264
33265
33980
34409
34695
34980
35123
35266
35266
35266
35266
35266
35266
35266
35266
35266
35266
35266
35266
35266
35266
35266
35266
35266
35266
35266
35266
35123
35123
34980
34980
34837
34695
34695
34552
34552
34552
34409
34409
34409
34266
34266
34123
34123
33980
33694
33408
33265
33122
32979
32836
32693
32693
32550
32550
32407
32407
32264
32121
31978
31836
31836
31693
31693
31550
31550
31550
31550
31407
31407
31407
31407
31264
31264
31264
31264
31264
31264
31264
31264
31264
31264
31264
31264
31121
31121
31121
31121
30978
30978
30978
30692
30692
30692
30692
30549
30549
30406
30406
30263
30120
30120
29977
29834
29691
29691
29548
29548
29548
29548
29548
29548
29548
29548
29548
29548
29691
29548
29691
29548
29548
29548
29548
29548
29548
29548
29548
29548
29548
29548
29548
29548
29548
29548
29548
29548
29548
29548
29548
29548
29548
29548
29548
29548
29548
29548
29548
29548
29548
29548
29691
29548
29548
29548
29691
29691
29691
29548
29691
29691
29691
29691
29691
29548
29691
29548
29691
29548
29691
29548
29691
29691
29691
29691
29691
29691
29691
29691
29691
29691
29691
29691
29691
29691
29691
29691
29691
29691
29691
29691
29691
29691
29691
29691
29691
29691
29691
29691
29691
29691
29691
29691
29691
29691
29691
29691
29691
29691
29691
29691
29691
29691
29691
29691
29691
29691
29691
29691
29691
29691
29691
29691
29691
29691
29691
29691
29691
29691
29691
29834
29834
29834
29834
29834
29834
29834
29834
29834
29834
29834
29834
29834
29834
29834
29834
29834
29834
29834
29977
29977
29977
29977
29977
29977
29977
30120
29977
29977
29977
30120
29977
29977
29977
30120
29977
29977
29977
29977
29977
29977
29977
29977
30120
29977
29977
29977
29977
29977
29977
29977
29977
29977
29977
29977
29977
29977
29977
29977
29977
29977
29977
29977
29977
29977
29977
29977
29977
29977
29977
29977
29977
29977
29977
30120
29977
29977
29977
29977
29977
29977
29977
30120
29977
29977
29977
29977
29977
29977
29977
29977
29977
30120
29977
29977
29977
29977
29977
29977
29977
29977
29977
30120
29977
29977
29977
29977
30120
29977
29977
29977
29977
29977
30120
29977
29977
29977
29977
29977
29977
30120
29977
29977
29977
29977
29977
29977
29977
29977
29977
29977
29977
29977
29977
29977
29977
29977
29977
29977
29977
29977
29977
29977
29977
29977
29977
29977
29977
29977
29977
30120
30120
29977
29977
29977
29977
29977
29977
29977
29977
29977
29977
29977
30120
29977
30120
29977
29977
29977
29977
30120
29977
29977
29977
30120
29977
30120
29977
29977
29977
29977
29977
29977
29977
29977
30120
29977
29977
29977
29977
29977
29977
29977
29977
30120
29977
29977
29977
29977
29977
30120
29977
29977
29977
29977
29977
29977
29977
29977
30120
29977
30120
30120
29977
29977
29977
29977
29977
29977
29977
29977
30120
29977
29977
29977
29977
29977
30120
29977
29977
29977
29977
29977
30120
30120
29977
29977
30120
29977
29977
29977
30120
29977
29977
29977
29977
29977
29977
29977
30120
30120
29977
29977
29977
29977
29977
29977
29977
29977
29977
29977
29977
30120
29977
30120
29977
29977
29977
29977
30120
30120
29977
30120
29977
29977
29977
29977
29977
30120
29977
29977
29977
29977
29977
29977
29977
30120
30120
29977
29977
29977
30120
29977
29977
29977
29977
29977
30120
29977
29977
29977
29977
29977
29977
30120
29977
29977
29977
29977
29977
30120
29977
30120
30120
29977
29977
29977
29977
29977
30120
29977
29977
29977
29977
29977
30120
29977
29977
29977
29977
29977
30120
29977
30120
30120
29977
30120
29977
29977
29977
29977
29977
29977
29977
29977
30120
30120
29977
29977
29977
30120
29977
29977
29977
29977
29977
29977
29977
29977
29977
29977
30120
29977
30120
29977
30120
29977
30120
29977
30120
29977
30120
29977
29977
29977
29977
29977
30120
30120
29977
29977
29977
29977
30120
29977
29977
29977
30120
29977
30120
29977
29977
30120
29977
29977
30120
30120
29977
30120
30120
29977
30120
29977
30120
29977
29977
29977
29977
29977
29977
29977
30120
29977
29977
29977
29977
30120
29977
30120
29977
29977
29977
29977
29977
29977
30120
30120
29977
29977
29977
29977
30120
29977
29977
30120
29977
29977
29977
30120
29977
30120
30120
29977
29977
29977
30120
29977
29977
30120
29977
29977
30120
29977
30120
29977
29977
29977
29977
30120
30120
30120
30120
29977
29977
29977
30120
29977
29977
30120
29977
29977
30120
29977
29977
29977
29977
29977
29977
29977
30120
30120
29977
29977
29977
30120
29977
29977
29977
29977
29977
29977
29977
30120
29977
29977
30120
29977
29977
29977
29977
29977
29977
29977
30120
30120
29977
29977
29977
30120
30120
30120
30120
29977
29977
29977
29977
30120
29977
29977
30120
29977
29977
30120
29977
29977
29977
30120
29977
29977
29977
30120
29977
30120
29977
30120
29977
29977
29977
29977
29977
29977
29977
30120
29977
29977
29977
29977
29977
29977
29977
29977
30120
29977
30120
29977
29977
29977
30120
29977
29977
29977
30120
29977
30120
29977
29977
30120
29977
29977
29977
29977
29977
29977
29977
29977
30120
29977
29977
29977
29977
30120
29977
29977
29977
29977
30120
29977
29977
30120
29977
30120
29977
29977
30120
29977
29977
29977
29977
30120
29977
30120
29977
29977
29977
30120
30120
29977
29977
30120
29977
29977
29977
29977
29977
30120
29977
29977
29977
29977
29977
30120
29977
30120
29977
30120
29977
29977
29977
29977
29977
];
y=[20000
20000
20000
20000
20000
20000
20000
20000
20000
20000
20000
20000
20000
20000
20000
20000
20000
20000
20000
20000
20000
20000
20000
20000
20000
20000
20000
20000
20000
20000
20000
20000
20000
20000
20000
20000
20000
20000
20000
20000
20000
20000
20000
20000
20000
20000
20000
20000
20000
20000
20000
20000
20000
20000
20000
20000
20000
20000
20000
20000
20000
20000
20000
20000
20000
20000
20000
20000
20000
20000
20000
20000
20000
20000
20000
20000
20000
20000
20000
20000
20000
20000
20000
20000
20000
20000
20000
20000
20000
20000
20000
20000
20000
20000
20000
20000
20000
20000
20000
20000
20000
20000
20000
20000
20000
20000
20000
20000
20000
20000
20000
20000
20000
20000
20000
20000
20000
20000
20000
20000
20000
20000
20000
20000
20000
20000
20000
20000
20000
20000
20000
20000
20000
20000
20000
20000
20000
20000
20000
20000
20000
20000
20000
20000
20000
20000
20000
20000
20000
20000
20000
20000
20000
20000
20000
20000
20000
20000
20000
20000
20000
20000
20000
20000
20000
20000
20000
20000
20000
20000
20000
20000
20000
20000
20000
20000
20000
20000
20000
20000
20000
20000
20000
20000
20000
20000
20000
20000
20000
20000
20000
20000
20000
20000
20000
20000
20000
20000
20000
20000
20000
20000
20000
20000
20000
20000
20000
20000
20000
20000
20000
20000
20000
20000
20000
20000
20000
20000
20000
20000
20000
20000
20000
20000
20000
20000
20000
20000
20000
20000
20000
20000
20000
20000
20000
20000
20000
20000
20000
20000
20000
20000
20000
20000
20000
20000
20000
20000
20000
20000
20000
20000
20000
20000
20000
20000
20000
20000
20000
20000
20000
20000
20000
20000
20000
20000
20000
20000
20000
20000
20000
20000
20000
20000
20000
20000
20000
20000
20000
20000
20000
20000
20000
20000
20000
20000
20000
20000
20000
20000
20000
20000
20000
20000
20000
20000
20000
20000
20000
20000
20000
20000
20000
20000
20000
20000
20000
20000
20000
20000
20000
20000
20000
20000
20000
20000
20000
20000
20000
20000
20000
20000
20000
20000
20000
20000
20000
20000
20000
20000
20000
20000
20000
20000
20000
20000
20000
20000
20000
20000
20000
20000
20000
20000
20000
20000
20000
20000
20000
20000
20000
20000
20000
20000
20000
20000
20000
20000
20000
20000
20000
20000
20000
20000
20000
20000
20000
20000
20000
20000
20000
20000
20000
20000
20000
20000
20000
20000
20000
20000
20000
20000
20000
20000
20000
20000
20000
20000
20000
20000
20000
20000
20000
20000
20000
20000
20000
20000
20000
20000
20000
20000
20000
20000
20000
20000
20000
20000
20000
20000
20000
20000
20000
20000
20000
20000
20000
20000
20000
20000
20000
20000
20000
20000
20000
20000
20000
20000
20000
20000
20000
20000
20000
20000
20000
20000
20000
20000
20000
20000
20000
20000
20000
20000
20000
20000
20000
20000
20000
20000
20000
20000
20000
20000
20000
20000
20000
20000
20000
20000
20000
20000
20000
20000
20000
20000
20000
20000
20000
20000
20000
20000
20000
20000
20000
20000
20000
20000
20000
20000
20000
20000
20000
20000
20000
20000
20000
20000
20000
20000
20000
20000
20000
20000
20000
20000
20000
20000
20000
20000
20000
20000
20000
20000
20000
20000
20000
20000
20000
20000
20000
20000
20000
20000
20000
20000
20000
20000
20000
20000
20000
20000
20000
20000
20000
20000
20000
20000
20000
20000
20000
20000
20000
20000
20000
20000
20000
20000
20000
20000
20000
20000
20000
20000
20000
20000
20000
20000
20000
20000
20000
20000
20000
20000
20000
20000
20000
20000
20000
20000
20000
20000
20000
20000
20000
20000
20000
20000
20000
20000
20000
20000
20000
20000
20000
20000
20000
20000
20000
20000
20000
20000
20000
20000
20000
20000
20000
20000
20000
20000
20000
20000
20000
20000
20000
20000
20000
20000
20000
20000
20000
20000
20000
20000
20000
20000
20000
20000
20000
20000
20000
20000
20000
20000
20000
20000
20000
20000
20000
20000
20000
20000
20000
20000
20000
20000
20000
20000
20000
20000
20000
20000
20000
20000
20000
20000
20000
20000
20000
20000
20000
20000
20000
20000
20000
20000
20000
20000
20000
20000
20000
20000
20000
20000
20000
20000
20000
20000
20000
20000
20000
20000
20000
20000
20000
20000
20000
20000
20000
20000
20000
20000
20000
20000
20000
20000
20000
20000
20000
20000
20000
20000
20000
20000
20000
20000
20000
20000
20000
20000
20000
20000
20000
20000
20000
20000
20000
20000
20000
20000
20000
20000
20000
20000
20000
20000
20000
20000
20000
20000
20000
20000
20000
20000
20000
20000
20000
20000
20000
20000
20000
20000
20000
20000
20000
20000
20000
20000
20000
20000
20000
20000
20000
20000
20000
20000
20000
20000
20000
20000
20000
20000
20000
20000
20000
20000
20000
20000
20000
20000
20000
20000
20000
20000
20000
20000
20000
20000
20000
20000
20000
20000
20000
20000
20000
20000
20000
20000
20000
20000
20000
20000
20000
20000
20000
20000
20000
20000
20000
20000
20000
20000
20000
20000
20000
20000
20000
20000
20000
20000
20000
20000
20000
20000
20000
20000
20000
20000
20000
20000
20000
20000
20000
20000
20000
20000
20000
20000
20000
20000
20000
20000
20000
20000
20000
20000
20000
20000
20000
20000
20000
20000
20000
20000
20000
20000
20000
20000
20000
20000
20000
20000
20000
20000
20000
20000
20000
20000
20000
20000
20000
20000
20000
20000
20000
20000
20000
20000
20000
20000
20000
20000
20000
20000
20000
20000
20000
20000
20000
20000
20000
20000
20000
20000
20000
20000
20000
20000
20000
20000
20000
20000
20000
20000
20000
20000
20000
20000
20000
20000
20000
20000
20000
20000
20000
20000
20000
20000
20000
20000
20000
20000
20000
20000
20000
20000
20000
20000
20000
20000
20000
20000
20000
20000
20000
20000
20000
20000
20000
20000
20000
20000
20000
20000
20000
20000
20000
20000
20000
20000
20000
20000
20000
20000
20000
20000
20000
20000
20000
20000
20000
20000
20000
20000
20000
20000
20000
20000
20000
20000
20000
20000
20000
20000
20000
20000
20000
20000
20000
20000
20000
20000
20000
20000
20000
20000
20000
20000
20000
20000
20000
20000
20000
20000
20000
20000
20000
20000
20000
20000
20000
20000
20000
20000
20000
20000
20000
20000
20000
20000
20000
20000
20000
20000
20000
20000
20000
20000
20000
20000
20000
20000
20000
20000
20000
20000
20000
20000
20000
20000
20000
26000
26000
26000
26000
26000
26000
26000
26000
26000
26000
26000
26000
26000
26000
26000
26000
26000
26000
26000
26000
26000
26000
26000
26000
26000
26000
26000
26000
26000
26000
26000
26000
26000
26000
26000
26000
26000
26000
26000
26000
26000
26000
26000
26000
26000
26000
26000
26000
26000
26000
26000
26000
26000
26000
26000
26000
26000
26000
26000
26000
26000
26000
26000
26000
26000
26000
26000
26000
26000
26000
26000
26000
26000
26000
26000
26000
26000
26000
26000
26000
26000
26000
26000
26000
26000
26000
26000
26000
26000
26000
26000
26000
26000
26000
26000
26000
26000
26000
26000
26000
26000
26000
26000
26000
26000
26000
26000
26000
26000
26000
26000
26000
26000
26000
26000
26000
26000
26000
26000
26000
26000
26000
26000
26000
26000
26000
26000
26000
26000
26000
26000
26000
26000
26000
26000
26000
26000
26000
26000
26000
26000
26000
26000
26000
26000
26000
26000
26000
26000
26000
26000
26000
26000
26000
26000
26000
26000
26000
26000
26000
26000
26000
26000
26000
26000
26000
26000
26000
26000
26000
26000
26000
26000
26000
26000
26000
26000
26000
26000
26000
26000
26000
26000
26000
26000
26000
26000
26000
26000
26000
26000
26000
26000
26000
26000
26000
26000
26000
26000
26000
26000
26000
26000
26000
26000
26000
26000
26000
26000
26000
26000
26000
26000
26000
26000
26000
26000
26000
26000
26000
26000
26000
26000
26000
26000
26000
26000
26000
26000
26000
26000
26000
26000
26000
26000
26000
26000
26000
26000
26000
26000
26000
26000
26000
26000
26000
26000
26000
26000
26000
26000
26000
26000
26000
26000
26000
26000
26000
26000
26000
26000
26000
26000
26000
26000
26000
26000
26000
26000
26000
26000
26000
26000
26000
26000
26000
26000
26000
26000
26000
26000
26000
26000
26000
26000
26000
26000
26000
26000
26000
26000
26000
26000
26000
26000
26000
26000
26000
26000
26000
26000
26000
26000
26000
26000
26000
26000
26000
26000
26000
26000
26000
26000
26000
26000
26000
26000
26000
26000
26000
26000
26000
26000
26000
26000
26000
26000
26000
26000
26000
26000
26000
26000
26000
26000
26000
26000
26000
26000
26000
26000
26000
26000
26000
26000
26000
26000
26000
26000
26000
26000
26000
26000
26000
26000
26000
26000
26000
26000
26000
26000
26000
26000
26000
26000
26000
26000
26000
26000
26000
26000
26000
26000
26000
26000
26000
26000
26000
26000
26000
26000
26000
26000
26000
26000
26000
26000
26000
26000
26000
26000
26000
26000
26000
26000
26000
26000
26000
26000
26000
26000
26000
26000
26000
26000
26000
26000
26000
26000
26000
26000
26000
26000
26000
26000
26000
26000
26000
26000
26000
26000
26000
26000
26000
26000
26000
26000
26000
26000
26000
26000
26000
26000
26000
26000
26000
26000
26000
26000
26000
26000
26000
26000
26000
26000
26000
26000
26000
26000
26000
26000
26000
26000
26000
26000
26000
26000
26000
26000
26000
26000
26000
26000
26000
26000
26000
26000
26000
26000
26000
26000
26000
26000
26000
26000
26000
26000
26000
26000
26000
26000
26000
26000
26000
26000
26000
26000
26000
26000
26000
26000
26000
26000
26000
26000
26000
26000
26000
26000
26000
26000
26000
26000
26000
26000
26000
26000
26000
26000
26000
26000
26000
26000
26000
26000
26000
26000
26000
26000
26000
26000
26000
26000
26000
26000
26000
26000
26000
26000
26000
26000
26000
26000
26000
26000
26000
26000
26000
26000
26000
26000
26000
26000
26000
26000
26000
26000
26000
26000
26000
26000
26000
26000
26000
26000
26000
26000
26000
26000
26000
26000
26000
26000
26000
26000
26000
26000
26000
26000
26000
26000
26000
26000
26000
26000
26000
26000
26000
26000
26000
26000
26000
26000
26000
26000
26000
26000
26000
26000
26000
26000
26000
26000
26000
26000
26000
26000
26000
26000
26000
26000
26000
26000
26000
26000
26000
26000
26000
26000
26000
26000
26000
26000
26000
26000
26000
26000
26000
26000
26000
26000
26000
26000
26000
26000
26000
26000
26000
26000
26000
26000
26000
26000
26000
26000
26000
26000
26000
26000
26000
26000
26000
26000
26000
26000
26000
26000
26000
26000
26000
26000
26000
26000
26000
26000
26000
26000
26000
26000
26000
26000
26000
26000
26000
26000
26000
26000
26000
26000
26000
26000
26000
26000
26000
26000
26000
26000
26000
26000
26000
26000
26000
26000
26000
26000
26000
26000
26000
26000
26000
26000
26000
26000
26000
26000
26000
26000
26000
26000
26000
26000
26000
26000
26000
26000
26000
26000
26000
26000
26000
26000
26000
26000
26000
26000
26000
26000
26000
26000
26000
26000
26000
26000
26000
26000
26000
26000
26000
26000
26000
26000
26000
26000
26000
26000
26000
26000
26000
26000
26000
26000
26000
26000
26000
26000
26000
26000
26000
26000
26000
26000
26000
26000
26000
26000
26000
26000
26000
26000
26000
26000
26000
26000
26000
26000
26000
26000
26000
26000
26000
26000
26000
26000
26000
26000
26000
26000
26000
26000
26000
26000
26000
26000
26000
26000
26000
26000
26000
26000
26000
26000
26000
26000
26000
26000
26000
26000
26000
26000
26000
26000
26000
26000
26000
26000
26000
26000
26000
26000
26000
26000
26000
26000
26000
26000
26000
26000
26000
26000
26000
26000
26000
26000
26000
26000
26000
26000
26000
26000
26000
26000
26000
26000
26000
26000
26000
26000
26000
26000
26000
26000
26000
26000
26000
26000
26000
26000
26000
26000
26000
26000
26000
26000
26000
26000
26000
26000
26000
26000
26000
26000
26000
26000
26000
26000
26000
26000
26000
26000
26000
26000
26000
26000
26000
26000
26000
26000
26000
26000
26000
26000
26000
26000
26000
26000
26000
26000
26000
26000
26000
26000
26000
26000
26000
26000
26000
26000
26000
26000
26000
26000
26000
26000
26000
26000
26000
26000
26000
26000
26000
26000
26000
26000
26000
26000
26000
26000
26000
26000
26000
26000
26000
26000
26000
26000
26000
26000
26000
26000
26000
26000
26000
26000
26000
26000
26000
26000
26000
26000
26000
26000
26000
26000
26000
26000
26000
26000
26000
26000
26000
26000
26000
26000
26000
26000
26000
26000
26000
26000
26000
26000
26000
26000
26000
26000
26000
26000
26000
26000
26000
26000
26000
26000
26000
26000
26000
26000
26000
26000
26000
26000
26000
26000
26000
26000
26000
26000
26000
26000
26000
26000
26000
26000
26000
26000
26000
26000
26000
26000
26000
30000
30000
30000
30000
30000
30000
30000
30000
30000
30000
30000
30000
30000
30000
30000
30000
30000
30000
30000
30000
30000
30000
30000
30000
30000
30000
30000
30000
30000
30000
30000
30000
30000
30000
30000
30000
30000
30000
30000
30000
30000
30000
30000
30000
30000
30000
30000
30000
30000
30000
30000
30000
30000
30000
30000
30000
30000
30000
30000
30000
30000
30000
30000
30000
30000
30000
30000
30000
30000
30000
30000
30000
30000
30000
30000
30000
30000
30000
30000
30000
30000
30000
30000
30000
30000
30000
30000
30000
30000
30000
30000
30000
30000
30000
30000
30000
30000
30000
30000
30000
30000
30000
30000
30000
30000
30000
30000
30000
30000
30000
30000
30000
30000
30000
30000
30000
30000
30000
30000
30000
30000
30000
30000
30000
30000
30000
30000
30000
30000
30000
30000
30000
30000
30000
30000
30000
30000
30000
30000
30000
30000
30000
30000
30000
30000
30000
30000
30000
30000
30000
30000
30000
30000
30000
30000
30000
30000
30000
30000
30000
30000
30000
30000
30000
30000
30000
30000
30000
30000
30000
30000
30000
30000
30000
30000
30000
30000
30000
30000
30000
30000
30000
30000
30000
30000
30000
30000
30000
30000
30000
30000
30000
30000
30000
30000
30000
30000
30000
30000
30000
30000
30000
30000
30000
30000
30000
30000
30000
30000
30000
30000
30000
30000
30000
30000
30000
30000
30000
30000
30000
30000
30000
30000
30000
30000
30000
30000
30000
30000
30000
30000
30000
30000
30000
30000
30000
30000
30000
30000
30000
30000
30000
30000
30000
30000
30000
30000
30000
30000
30000
30000
30000
30000
30000
30000
30000
30000
30000
30000
30000
30000
30000
30000
30000
30000
30000
30000
30000
30000
30000
30000
30000
30000
30000
30000
30000
30000
30000
30000
30000
30000
30000
30000
30000
30000
30000
30000
30000
30000
30000
30000
30000
30000
30000
30000
30000
30000
30000
30000
30000
30000
30000
30000
30000
30000
30000
30000
30000
30000
30000
30000
30000
30000
30000
30000
30000
30000
30000
30000
30000
30000
30000
30000
30000
30000
30000
30000
30000
30000
30000
30000
30000
30000
30000
30000
30000
30000
30000
30000
30000
30000
30000
30000
30000
30000
30000
30000
30000
30000
30000
30000
30000
30000
30000
30000
30000
30000
30000
30000
30000
30000
30000
30000
30000
30000
30000
30000
30000
30000
30000
30000
30000
30000
30000
30000
30000
30000
30000
30000
30000
30000
30000
30000
30000
30000
30000
30000
30000
30000
30000
30000
30000
30000
30000
30000
30000
30000
30000
30000
30000
30000
30000
30000
30000
30000
30000
30000
30000
30000
30000
30000
30000
30000
30000
30000
30000
30000
30000
30000
30000
30000
30000
30000
30000
30000
30000
30000
30000
30000
30000
30000
30000
30000
30000
30000
30000
30000
30000
30000
30000
30000
30000
30000
30000
30000
30000
30000
30000
30000
30000
30000
30000
30000
30000
30000
30000
30000
30000
30000
30000
30000
30000
30000
30000
30000
30000
30000
30000
30000
30000
30000
30000
30000
30000
30000
30000
30000
30000
30000
30000
30000
30000
30000
30000
30000
30000
30000
30000
30000
30000
30000
30000
30000
30000
30000
30000
30000
30000
30000
30000
30000
30000
30000
30000
30000
30000
30000
30000
30000
30000
30000
30000
30000
30000
30000
30000
30000
30000
30000
30000
30000
30000
30000
30000
30000
30000
30000
30000
30000
30000
30000
30000
30000
30000
30000
30000
30000
30000
30000
30000
30000
30000
30000
30000
30000
30000
30000
30000
30000
30000
30000
30000
30000
30000
30000
30000
30000
30000
30000
30000
30000
30000
30000
30000
30000
30000
30000
30000
30000
30000
30000
30000
30000
30000
30000
30000
30000
30000
30000
30000
30000
30000
30000
30000
30000
30000
30000
30000
30000
30000
30000
30000
30000
30000
30000
30000
30000
30000
30000
30000
30000
30000
30000
30000
30000
30000
30000
30000
30000
30000
30000
30000
30000
30000
30000
30000
30000
30000
30000
30000
30000
30000
30000
30000
30000
30000
30000
30000
30000
30000
30000
30000
30000
30000
30000
30000
30000
30000
30000
30000
30000
30000
30000
30000
30000
30000
30000
30000
30000
30000
30000
30000
30000
30000
30000
30000
30000
30000
30000
30000
30000
30000
30000
30000
30000
30000
30000
30000
30000
30000
30000
30000
30000
30000
30000
30000
30000
30000
30000
30000
30000
30000
30000
30000
30000
30000
30000
30000
30000
30000
30000
30000
30000
30000
30000
30000
30000
30000
30000
30000
30000
30000
30000
30000
30000
30000
30000
30000
30000
30000
30000
30000
30000
30000
30000
30000
30000
30000
30000
30000
30000
30000
30000
30000
30000
30000
30000
30000
30000
30000
30000
30000
30000
30000
30000
30000
30000
30000
30000
30000
30000
30000
30000
30000
30000
30000
30000
30000
30000
30000
30000
30000
30000
30000
30000
30000
30000
30000
30000
30000
30000
30000
30000
30000
30000
30000
30000
30000
30000
30000
30000
30000
30000
30000
30000
30000
30000
30000
30000
30000
30000
30000
30000
30000
30000
30000
30000
30000
30000
30000
30000
30000
30000
30000
30000
30000
30000
30000
30000
30000
30000
30000
30000
30000
30000
30000
30000
30000
30000
30000
30000
30000
30000
30000
30000
30000
30000
30000
30000
30000
30000
30000
30000
30000
30000
30000
30000
30000
30000
30000
30000
30000
30000
30000
30000
30000
30000
30000
30000
30000
30000
30000
30000
30000
30000
30000
30000
30000
30000
30000
30000
30000
30000
30000
30000
30000
30000
30000
30000
30000
30000
30000
30000
30000
30000
30000
30000
30000
30000
30000
30000
30000
30000
30000
30000
30000
30000
30000
30000
30000
30000
30000
30000
30000
30000
30000
30000
30000
30000
30000
30000
30000
30000
30000
30000
30000
30000
30000
30000
30000
30000
30000
30000
30000
30000
30000
30000
30000
30000
30000
30000
30000
30000
30000
30000
30000
30000
30000
30000
30000
30000
30000
30000
30000
30000
30000
30000
30000
30000
30000
30000
30000
30000
30000
30000
30000
30000
30000
30000
30000
30000
30000
30000
30000
30000
30000
30000
30000
30000
30000
30000
30000
30000
30000
30000
30000
30000
30000
30000
30000
30000
30000
30000
30000
30000
30000
30000
30000
30000
30000
30000
30000
30000
30000
30000
30000
30000
30000
30000
30000
30000
30000
30000
30000
30000
30000
30000
30000
30000
30000
30000
30000
30000
30000
30000
30000
30000
30000
30000
];
e=y-x;
t=1/60:1/60:3000/60;
plot(t',e)
